-113.86 -165.39 -58.61 -58.61 -58.61 -58.61 -95.70 -95.70 -95.70 -95.70 00.00 00.00 -178.16 -169.95 -228.66 -67.67 -237.35 -88.90 -88.90 -88.90 -208.63 -208.63 -208.63 -213.41 -102.15 -93.60 -93.60 -85.17 -85.17 -188.58 -190.66 -190.66 -102.55 -76.15 -76.15 -92.40 -130.53 -137.38 -137.38 -152.03 
-266.54 -266.54 -340.18 -127.36 -127.36 -215.31 -269.50 -71.37 -71.37 -71.37 -71.37 -337.71 -107.58 -107.58 -107.58 -107.58 -152.84 -138.22 -82.74 -82.74 -190.94 00.00 -136.47 -169.74 -152.67 -125.88 -78.51 -78.51 -78.51 -102.87 -76.29 -76.29 -84.97 -84.97 -84.97 -84.97 -41.82 -41.82 -41.82 00.00 
-190.68 -211.46 -176.92 -214.16 -86.91 -238.46 -199.65 -76.46 -152.56 -152.56 -213.96 -213.96 -213.96 -213.96 -213.96 -152.65 -152.65 -76.30 -152.86 -152.86 -152.86 -152.86 -169.45 -109.21 -109.21 -198.92 -132.31 -132.31 -132.31 -84.93 -117.58 -117.58 -117.58 -117.58 -217.62 -82.88 -82.88 -82.88 -82.88 -82.88 
-250.07 -213.43 -170.39 -170.39 -197.47 -197.47 -338.38 -76.30 -76.30 -61.30 -61.30 -61.30 -61.30 -100.81 -137.69 -233.59 -234.03 -159.92 -159.92 00.00 -76.30 -76.30 -76.30 -190.85 -76.35 -103.47 -81.67 -81.67 -81.67 -211.65 -82.76 -82.76 -52.92 -52.92 -41.48 -41.48 -41.48 -41.48 -238.61 -166.61 
-199.19 -171.12 -84.94 -152.44 -152.44 -152.44 -198.12 -25.26 -25.26 -25.26 -25.26 00.00 00.00 00.00 00.00 -130.59 -127.01 -175.08 -152.72 -152.72 -152.72 -152.76 -152.76 -152.76 -38.17 -114.63 -76.65 -76.65 -125.43 -125.43 -109.56 -109.56 -109.56 -109.56 -9.12 -9.12 -9.12 -9.12 -113.53 -113.53 
-268.21 -76.17 -76.17 -76.17 -76.17 -233.93 -117.75 -44.95 -44.95 -44.95 -83.62 -83.62 -216.24 -216.24 -216.24 -39.82 -149.08 -101.28 -101.28 -152.56 -152.46 -265.76 -66.05 -66.05 -152.33 -26.34 -26.34 -26.34 -110.86 -86.14 -86.14 00.00 00.00 00.00 -140.64 -140.64 -118.07 -118.07 -118.07 -118.07 
-190.85 -51.69 -51.69 -51.69 -185.94 -142.07 -41.57 -56.60 -56.60 -56.60 -230.78 -230.78 -69.17 -80.55 -80.55 -132.46 -132.46 -132.46 -127.79 -82.61 -224.27 -201.56 -68.57 -68.57 -85.55 -85.55 -104.29 -165.57 -8.65 -8.65 -8.65 -108.96 -108.96 -108.96 -108.96 -65.91 -65.91 -65.91 -65.91 -136.41 
-190.92 00.00 00.00 00.00 -214.34 -114.56 -114.56 -114.56 -137.73 -107.88 -107.88 -77.98 -77.98 -87.53 -16.23 -15.20 -15.20 -152.48 -152.48 -85.69 -170.70 -91.66 -91.66 -91.66 -91.66 -91.66 -91.66 -228.00 -77.98 -154.34 -86.37 -59.69 -59.69 -59.69 -59.69 -111.78 -131.37 -131.37 -131.37 -131.94 
-190.73 -116.53 -116.53 -116.53 -171.72 00.00 00.00 -139.69 -139.69 -15.79 -15.79 -107.72 -76.05 -76.05 -76.05 -76.05 -78.20 -74.47 -132.08 -132.08 -132.08 -53.22 -53.22 -97.32 -138.69 -117.42 -79.83 -79.83 -121.05 -121.05 -121.05 -6.86 -6.86 -126.28 -126.28 -151.10 -151.10 -85.38 -196.85 -101.90 
-269.30 -100.49 -100.49 00.00 00.00 -136.14 -111.57 -49.68 -49.68 -49.68 -242.20 -33.17 -33.17 -33.17 -33.17 -33.17 -83.19 -83.19 -83.19 -152.84 -99.37 -99.37 -178.06 -118.66 -118.66 -109.04 -109.04 -171.41 -108.81 -108.81 -64.84 -157.59 -157.59 -49.54 -49.54 -136.06 -75.55 -157.68 -43.86 -83.88 
-269.70 -67.80 -59.00 -259.54 -171.25 -120.59 -120.59 -120.59 -161.38 -172.37 -172.37 -59.24 -59.24 -54.62 -84.89 -84.89 -84.89 -78.41 -78.41 -136.85 -197.92 -158.52 -139.15 -139.15 -167.20 -167.20 -91.53 -91.53 -91.53 -159.72 -159.72 -251.25 -135.00 -52.25 -159.71 -168.05 -94.27 -169.13 -57.48 -194.03 
-191.03 -61.12 -61.12 -61.12 -61.12 00.00 00.00 -179.67 -101.45 -101.45 -101.45 -69.26 -33.01 -33.01 -33.01 -87.69 -87.69 -87.69 -57.94 -172.75 -69.82 -100.61 -100.61 -100.61 -103.72 -103.72 -103.72 -146.38 -123.26 00.00 00.00 -221.17 -126.22 -126.22 -110.25 -108.04 -108.04 -228.48 -120.09 -120.09 
-190.92 -118.91 -19.42 -19.42 -19.42 -19.42 -125.60 -104.19 -147.08 00.00 00.00 00.00 00.00 00.00 -85.10 -103.81 -173.98 -173.98 -66.20 -66.20 -66.20 -66.20 00.00 -85.58 -85.58 -85.58 -85.58 -202.28 -124.19 -195.85 -124.50 -113.22 -122.08 -122.08 -102.29 -84.73 -84.73 -188.86 -52.62 -199.26 
-191.03 -86.26 -86.26 -86.26 -86.26 -75.40 -75.40 -134.56 -134.56 -109.63 -109.63 00.00 00.00 00.00 -99.14 -71.38 -72.53 -72.53 -142.18 -137.22 -137.22 -89.92 -89.92 -74.69 -74.69 -74.69 -43.75 -81.49 -86.47 -190.76 -85.42 -161.16 -179.24 -94.80 -94.80 -120.27 -168.60 -41.48 -41.48 -41.48 
-190.94 -117.68 -15.96 -33.00 -81.96 -81.96 -81.96 -66.39 -113.29 -113.29 -103.42 -165.97 -86.99 -86.99 -86.99 00.00 00.00 -113.68 -91.12 -91.12 -91.12 -94.20 -94.20 -89.97 -88.96 -88.96 -88.96 -33.87 -33.87 -85.23 -85.23 -117.02 -138.87 -138.87 -150.47 -150.47 -85.20 -85.20 00.00 00.00 
-190.86 -111.14 -123.14 -58.60 -53.75 -25.44 00.00 -61.36 -8.65 -289.78 -113.89 -113.89 -42.84 -42.84 -129.66 -129.66 -77.34 -77.34 -126.75 -126.75 -126.75 -126.75 -138.13 -138.13 -94.95 -94.95 -109.76 -109.76 -84.03 -84.03 -103.12 -101.90 -101.90 -101.90 -69.24 -69.24 -69.24 -86.34 -43.07 -174.40 
-190.89 -94.01 -43.15 -113.08 -78.61 -74.54 -43.53 -43.53 -43.53 -43.53 -77.72 -113.14 -49.82 -98.28 -85.38 -117.79 -203.15 -123.13 -118.88 -97.73 -145.00 -145.00 -18.03 -18.03 -77.38 00.00 00.00 00.00 00.00 -120.56 -59.49 -59.49 -35.59 -53.63 -50.12 -86.63 -86.63 -157.81 -92.91 -92.91 
-190.87 -102.44 -102.44 -7.17 -218.30 -145.24 -146.47 -109.53 -171.24 -30.31 -139.63 -139.63 -118.79 -118.79 -118.79 -163.90 -163.90 -62.94 -62.94 -62.94 -21.29 -21.29 -40.84 -40.84 -51.96 -85.32 -85.32 -85.32 -173.04 -112.38 -8.32 -8.32 -16.44 -137.64 -137.64 -69.19 -10.50 -76.84 -129.37 -184.32 
-190.92 -113.86 -125.43 -134.65 -157.07 -26.54 -26.54 -26.54 -26.54 -26.54 -134.37 -122.36 -102.71 -76.40 -78.72 00.00 00.00 -79.89 -110.12 -40.30 -40.30 -51.04 -51.04 -51.04 -59.98 -59.98 -30.40 -30.40 -30.40 -30.40 -100.54 -100.54 00.00 -50.98 -50.98 -50.98 -110.37 -110.37 -58.26 -258.27 
-191.00 -58.31 -32.93 -147.46 -147.46 00.00 00.00 00.00 00.00 -42.95 -42.95 -42.95 -42.95 -41.74 -41.74 -41.74 -134.43 -36.76 -70.27 -49.80 -49.80 -49.80 -173.22 -197.74 -156.35 -91.84 -97.58 -97.58 -50.12 -50.12 -50.12 -50.12 -118.22 00.00 00.00 00.00 -101.72 -101.72 -59.37 -59.37 
-191.00 -58.31 -32.93 -147.46 -147.46 00.00 00.00 00.00 00.00 -42.95 -42.95 -42.95 -42.95 -41.74 -41.74 -41.74 -134.43 -36.76 -70.27 -49.80 -49.80 -49.80 -173.22 -197.74 -156.35 -91.84 -97.58 -97.58 -50.12 -50.12 -50.12 -50.12 -118.22 00.00 00.00 00.00 -101.72 -101.72 -59.37 -59.37 
