b 0.00 0.00
b 2.00 0.00
b 2.00 20.00
b 0.00 20.00
e
b 0.00 0.00
b 20.00 0.00
b 20.00 2.00
b 0.00 2.00
e
b 18.00 0.00
b 20.00 0.00
b 20.00 20.00
b 18.00 20.00
e
b 0.00 18.00
b 20.00 18.00
b 20.00 20.00
b 0.00 20.00
e
s 16.39 10.13 1.10
s 3.77 15.71 1.10
s 6.82 16.24 1.10
s 16.37 5.54 1.10
s 7.01 8.93 1.10
b 0.50 1.00
b -0.50 1.00
b 0.50 -1.00
b -0.50 -1.00
0 38.00 18.00 2.86
1 0.00 -25.00 0.00
0 38.00 8.00 -9.14
1 0.00 -25.00 0.00
0 38.00 -12.00 -33.14
1 0.00 -25.00 0.00
0 38.00 -42.00 -69.14
1 0.00 -25.00 0.00
0 38.00 -82.00 -117.14
1 0.00 -25.00 0.00
0 38.00 -132.00 -177.14
1 0.00 -25.00 0.00
0 38.00 -192.00 -249.14
1 0.00 -25.00 0.00
0 38.00 -262.00 -333.14
1 0.00 -25.00 0.00
0 38.00 -342.00 -429.14
1 0.00 -25.00 0.00
0 38.00 -432.00 -537.14
1 0.00 -25.00 0.00
0 38.00 -532.00 -657.14
1 0.00 -25.00 0.00