02.56 05.96 07.66 05.96 02.56 07.66 04.26 03.41 05.96 05.11 00.01 00.86 06.81 06.81 01.71 03.41 03.41 01.71 01.71 06.81 06.81 02.56 05.11 03.41 06.81 05.96 05.11 05.11 01.71 00.86 03.41 04.26 05.11 06.81 05.11 03.41 01.71 05.11 00.86 06.81 
02.17 05.06 06.51 05.06 02.17 06.51 03.62 02.90 05.06 04.34 00.01 00.73 05.79 05.79 01.45 02.90 02.90 01.45 01.45 05.79 05.79 02.17 04.34 02.90 05.79 05.06 04.34 04.34 01.45 00.73 02.90 03.62 04.34 05.79 04.34 02.90 01.45 04.34 00.73 05.79 
01.85 04.31 05.53 04.31 01.85 05.53 03.08 02.46 04.31 03.69 00.01 00.62 04.92 04.92 01.23 02.46 02.46 01.23 01.23 04.92 04.92 01.85 03.69 02.46 04.92 04.31 03.69 03.69 01.23 00.62 02.46 03.08 03.69 04.92 03.69 02.46 01.23 03.69 00.62 04.92 
01.57 03.66 04.70 03.66 01.57 04.70 02.62 02.09 03.66 03.14 00.01 00.53 04.18 04.18 01.05 02.09 02.09 01.05 01.05 04.18 04.18 01.57 03.14 02.09 04.18 03.66 03.14 03.14 01.05 00.53 02.09 02.62 03.14 04.18 03.14 02.09 01.05 03.14 00.53 04.18 
01.34 03.11 04.00 03.11 01.34 04.00 02.22 01.78 03.11 02.67 00.00 00.45 03.55 03.55 00.89 01.78 01.78 00.89 00.89 03.55 03.55 01.34 02.67 01.78 03.55 03.11 02.67 02.67 00.89 00.45 01.78 02.22 02.67 03.55 02.67 01.78 00.89 02.67 00.45 03.55 
01.14 02.64 03.40 02.64 01.14 03.40 01.89 01.51 02.64 02.27 00.00 00.38 03.02 03.02 00.76 01.51 01.51 00.76 00.76 03.02 03.02 01.14 02.27 01.51 03.02 02.64 02.27 02.27 00.76 00.38 01.51 01.89 02.27 03.02 02.27 01.51 00.76 02.27 00.38 03.02 
00.96 02.25 02.89 02.25 00.96 02.89 01.61 01.29 02.25 01.93 00.00 00.32 02.57 02.57 00.64 01.29 01.29 00.64 00.64 02.57 02.57 00.96 01.93 01.29 02.57 02.25 01.93 01.93 00.64 00.32 01.29 01.61 01.93 02.57 01.93 01.29 00.64 01.93 00.32 02.57 
00.82 01.91 02.46 01.91 00.82 02.46 01.37 01.09 01.91 01.64 00.00 00.28 02.18 02.18 00.55 01.09 01.09 00.55 00.55 02.18 02.18 00.82 01.64 01.09 02.18 01.91 01.64 01.64 00.55 00.28 01.09 01.37 01.64 02.18 01.64 01.09 00.55 01.64 00.28 02.18 
00.70 01.62 02.09 01.62 00.70 02.09 01.16 00.93 01.62 01.39 00.00 00.23 01.86 01.86 00.47 00.93 00.93 00.47 00.47 01.86 01.86 00.70 01.39 00.93 01.86 01.62 01.39 01.39 00.47 00.23 00.93 01.16 01.39 01.86 01.39 00.93 00.47 01.39 00.23 01.86 
00.59 01.38 01.77 01.38 00.59 01.77 00.99 00.79 01.38 01.18 00.00 00.20 01.58 01.58 00.40 00.79 00.79 00.40 00.40 01.58 01.58 00.59 01.18 00.79 01.58 01.38 01.18 01.18 00.40 00.20 00.79 00.99 01.18 01.58 01.18 00.79 00.40 01.18 00.20 01.58 
00.50 01.17 01.51 01.17 00.50 01.51 00.84 00.67 01.17 01.01 00.00 00.17 01.34 01.34 00.34 00.67 00.67 00.34 00.34 01.34 01.34 00.50 01.01 00.67 01.34 01.17 01.01 01.01 00.34 00.17 00.67 00.84 01.01 01.34 01.01 00.67 00.34 01.01 00.17 01.34 
00.43 01.00 01.28 01.00 00.43 01.28 00.71 00.57 01.00 00.85 00.00 00.14 01.14 01.14 00.29 00.57 00.57 00.29 00.29 01.14 01.14 00.43 00.85 00.57 01.14 01.00 00.85 00.85 00.29 00.14 00.57 00.71 00.85 01.14 00.85 00.57 00.29 00.85 00.14 01.14 
00.36 00.85 01.09 00.85 00.36 01.09 00.61 00.48 00.85 00.73 00.00 00.12 00.97 00.97 00.24 00.48 00.48 00.24 00.24 00.97 00.97 00.36 00.73 00.48 00.97 00.85 00.73 00.73 00.24 00.12 00.48 00.61 00.73 00.97 00.73 00.48 00.24 00.73 00.12 00.97 
00.31 00.72 00.93 00.72 00.31 00.93 00.51 00.41 00.72 00.62 00.00 00.10 00.82 00.82 00.21 00.41 00.41 00.21 00.21 00.82 00.82 00.31 00.62 00.41 00.82 00.72 00.62 00.62 00.21 00.10 00.41 00.51 00.62 00.82 00.62 00.41 00.21 00.62 00.10 00.82 
00.36 00.85 01.09 00.85 00.36 01.09 00.61 00.48 00.85 00.73 00.00 00.12 00.97 00.97 00.24 00.48 00.48 00.24 00.24 00.97 00.97 00.36 00.73 00.48 00.97 00.85 00.73 00.73 00.24 00.12 00.48 00.61 00.73 00.97 00.73 00.48 00.24 00.73 00.12 00.97 
00.31 00.72 00.93 00.72 00.31 00.93 00.51 00.41 00.72 00.62 00.00 00.10 00.82 00.82 00.21 00.41 00.41 00.21 00.21 00.82 00.82 00.31 00.62 00.41 00.82 00.72 00.62 00.62 00.21 00.10 00.41 00.51 00.62 00.82 00.62 00.41 00.21 00.62 00.10 00.82 
00.26 00.61 00.79 00.61 00.26 00.79 00.44 00.35 00.61 00.52 00.00 00.09 00.70 00.70 00.18 00.35 00.35 00.18 00.18 00.70 00.70 00.26 00.52 00.35 00.70 00.61 00.52 00.52 00.18 00.09 00.35 00.44 00.52 00.70 00.52 00.35 00.18 00.52 00.09 00.70 
00.22 00.52 00.67 00.52 00.22 00.67 00.37 00.30 00.52 00.45 00.00 00.07 00.59 00.59 00.15 00.30 00.30 00.15 00.15 00.59 00.59 00.22 00.45 00.30 00.59 00.52 00.45 00.45 00.15 00.07 00.30 00.37 00.45 00.59 00.45 00.30 00.15 00.45 00.07 00.59 
00.19 00.44 00.57 00.44 00.19 00.57 00.32 00.25 00.44 00.38 00.00 00.06 00.51 00.51 00.13 00.25 00.25 00.13 00.13 00.51 00.51 00.19 00.38 00.25 00.51 00.44 00.38 00.38 00.13 00.06 00.25 00.32 00.38 00.51 00.38 00.25 00.13 00.38 00.06 00.51 
00.16 00.38 00.48 00.38 00.16 00.48 00.27 00.22 00.38 00.32 00.00 00.05 00.43 00.43 00.11 00.22 00.22 00.11 00.11 00.43 00.43 00.16 00.32 00.22 00.43 00.38 00.32 00.32 00.11 00.05 00.22 00.27 00.32 00.43 00.32 00.22 00.11 00.32 00.05 00.43 
00.16 00.38 00.48 00.38 00.16 00.48 00.27 00.22 00.38 00.32 00.00 00.05 00.43 00.43 00.11 00.22 00.22 00.11 00.11 00.43 00.43 00.16 00.32 00.22 00.43 00.38 00.32 00.32 00.11 00.05 00.22 00.27 00.32 00.43 00.32 00.22 00.11 00.32 00.05 00.43 
