0.00 Object 0 16.487669 29.512035 15.487965 29.487669 15.512332 28.487965 16.512035 28.512331
0.00 Object 1 500.000000 0.000000 -500.000000 0.000000 -500.000000 -50.000000 500.000000 -50.000000
0.25 Object 0 16.504160 28.870806 15.504195 28.879160 15.495840 27.879194 16.495806 27.870840
0.25 Object 1 500.000000 0.000000 -500.000000 0.000000 -500.000000 -50.000000 500.000000 -50.000000
0.50 Object 0 16.535507 27.586769 15.538230 27.660507 15.464492 26.663231 16.461769 26.589493
0.50 Object 1 500.000000 0.000000 -500.000000 0.000000 -500.000000 -50.000000 500.000000 -50.000000
0.75 Object 0 16.578190 25.657057 15.592943 25.828190 15.421809 24.842943 16.407057 24.671810
0.75 Object 1 500.000000 0.000000 -500.000000 0.000000 -500.000000 -50.000000 500.000000 -50.000000
1.00 Object 0 16.626375 23.078106 15.671894 23.376375 15.373624 22.421894 16.328106 22.123625
1.00 Object 1 500.000000 0.000000 -500.000000 0.000000 -500.000000 -50.000000 500.000000 -50.000000
1.25 Object 0 16.671457 19.846689 15.778311 20.296457 15.328544 19.403311 16.221689 18.953543
1.25 Object 1 500.000000 0.000000 -500.000000 0.000000 -500.000000 -50.000000 500.000000 -50.000000
1.50 Object 0 16.701803 15.961435 15.913565 16.576803 15.298196 15.788565 16.086435 15.173196
1.50 Object 1 500.000000 0.000000 -500.000000 0.000000 -500.000000 -50.000000 500.000000 -50.000000
1.75 Object 0 16.703098 11.424814 16.075186 12.203098 15.296902 11.575186 15.924814 10.796902
1.75 Object 1 500.000000 0.000000 -500.000000 0.000000 -500.000000 -50.000000 500.000000 -50.000000
2.00 Object 0 16.659681 6.245401 16.254599 7.159681 15.340319 6.754599 15.745400 5.840319
2.00 Object 1 500.000000 0.000000 -500.000000 0.000000 -500.000000 -50.000000 500.000000 -50.000000
2.25 Object 0 16.557369 0.439868 16.435131 1.432369 15.442631 1.310132 15.564868 0.317631
2.25 Object 1 500.000000 0.000000 -500.000000 0.000000 -500.000000 -50.000000 500.000000 -50.000000
2.50 Object 0 16.387920 -5.966200 16.591200 -4.987079 15.612079 -4.783800 15.408800 -5.762921
2.50 Object 1 500.000000 0.000000 -500.000000 0.000000 -500.000000 -50.000000 500.000000 -50.000000
2.75 Object 0 16.154808 -12.939953 16.689953 -12.095192 15.845192 -11.560047 15.310047 -12.404808
2.75 Object 1 500.000000 0.000000 -500.000000 0.000000 -500.000000 -50.000000 500.000000 -50.000000
3.00 Object 0 15.878990 -20.446676 16.696676 -19.871010 16.121010 -19.053324 15.303325 -19.628990
3.00 Object 1 500.000000 0.000000 -500.000000 0.000000 -500.000000 -50.000000 500.000000 -50.000000
3.25 Object 0 15.602254 -28.459635 16.584635 -28.272747 16.397747 -27.290365 15.415365 -27.477253
3.25 Object 1 500.000000 0.000000 -500.000000 0.000000 -500.000000 -50.000000 500.000000 -50.000000
3.50 Object 0 15.384695 -36.973423 16.348425 -37.240307 16.615305 -36.276577 15.651575 -36.009693
3.50 Object 1 500.000000 0.000000 -500.000000 0.000000 -500.000000 -50.000000 500.000000 -50.000000
3.75 Object 0 15.293103 -46.017231 16.017231 -46.706898 16.706898 -45.982769 15.982770 -45.293102
3.75 Object 1 500.000000 0.000000 -500.000000 0.000000 -500.000000 -50.000000 500.000000 -50.000000
4.00 Object 0 15.379194 -55.661472 15.661473 -56.620804 16.620806 -56.338528 16.338526 -55.379196
4.00 Object 1 500.000000 0.000000 -500.000000 0.000000 -500.000000 -50.000000 500.000000 -50.000000
4.25 Object 0 15.651575 -66.009697 15.384695 -66.973427 16.348425 -67.240303 16.615305 -66.276573
4.25 Object 1 500.000000 0.000000 -500.000000 0.000000 -500.000000 -50.000000 500.000000 -50.000000
4.50 Object 0 16.052141 -77.169815 15.294818 -77.822861 15.947859 -78.580185 16.705181 -77.927139
4.50 Object 1 500.000000 0.000000 -500.000000 0.000000 -500.000000 -50.000000 500.000000 -50.000000
4.75 Object 0 16.453135 -89.207169 15.457167 -89.296867 15.546865 -90.292831 16.542833 -90.203133
4.75 Object 1 500.000000 0.000000 -500.000000 0.000000 -500.000000 -50.000000 500.000000 -50.000000
5.00 Object 0 16.689953 -102.095192 15.845192 -101.560051 15.310047 -102.404808 16.154808 -102.939949
5.00 Object 1 500.000000 0.000000 -500.000000 0.000000 -500.000000 -50.000000 500.000000 -50.000000
5.25 Object 0 16.631550 -115.693031 16.318033 -114.743454 15.368450 -115.056969 15.681967 -116.006546
5.25 Object 1 500.000000 0.000000 -500.000000 0.000000 -500.000000 -50.000000 500.000000 -50.000000
5.50 Object 0 16.265131 -129.780518 16.655519 -128.859863 15.734870 -128.469482 15.344481 -129.390137
5.50 Object 1 500.000000 0.000000 -500.000000 0.000000 -500.000000 -50.000000 500.000000 -50.000000
5.75 Object 0 15.745400 -144.159683 16.659681 -143.754593 16.254599 -142.840317 15.340319 -143.245407
5.75 Object 1 500.000000 0.000000 -500.000000 0.000000 -500.000000 -50.000000 500.000000 -50.000000
6.00 Object 0 15.353506 -158.786438 16.286436 -159.146500 16.646494 -158.213562 15.713564 -157.853500
6.00 Object 1 500.000000 0.000000 -500.000000 0.000000 -500.000000 -50.000000 500.000000 -50.000000
6.25 Object 0 15.349003 -173.848953 15.723952 -174.776001 16.650997 -174.401047 16.276047 -173.473999
6.25 Object 1 500.000000 0.000000 -500.000000 0.000000 -500.000000 -50.000000 500.000000 -50.000000
6.50 Object 0 15.778311 -189.703537 15.328544 -190.596695 16.221689 -191.046463 16.671457 -190.153305
6.50 Object 1 500.000000 0.000000 -500.000000 0.000000 -500.000000 -50.000000 500.000000 -50.000000
6.75 Object 0 16.378405 -206.652664 15.402664 -206.871597 15.621595 -207.847336 16.597336 -207.628403
6.75 Object 1 500.000000 0.000000 -500.000000 0.000000 -500.000000 -50.000000 500.000000 -50.000000
7.00 Object 0 16.704256 -224.686569 15.936574 -224.045746 15.295744 -224.813431 16.063427 -225.454254
7.00 Object 1 500.000000 0.000000 -500.000000 0.000000 -500.000000 -50.000000 500.000000 -50.000000
7.25 Object 0 16.461769 -243.410507 16.535509 -242.413223 15.538231 -242.339493 15.464492 -243.336777
7.25 Object 1 500.000000 0.000000 -500.000000 0.000000 -500.000000 -50.000000 500.000000 -50.000000
7.50 Object 0 15.811287 -262.306458 16.681459 -261.813721 16.188713 -260.943542 15.318541 -261.436279
7.50 Object 1 500.000000 0.000000 -500.000000 0.000000 -500.000000 -50.000000 500.000000 -50.000000
7.75 Object 0 15.321650 -281.199615 16.199600 -281.678345 16.678350 -280.800385 15.800399 -280.321655
7.75 Object 1 500.000000 0.000000 -500.000000 0.000000 -500.000000 -50.000000 500.000000 -50.000000
8.00 Object 0 15.487966 -300.512329 15.512332 -301.512024 16.512035 -301.487671 16.487669 -300.487976
8.00 Object 1 500.000000 0.000000 -500.000000 0.000000 -500.000000 -50.000000 500.000000 -50.000000
8.25 Object 0 16.188713 -320.943542 15.318541 -321.436279 15.811287 -322.306458 16.681459 -321.813721
8.25 Object 1 500.000000 0.000000 -500.000000 0.000000 -500.000000 -50.000000 500.000000 -50.000000
8.50 Object 0 16.694649 -342.742859 15.867850 -342.180359 15.305351 -343.007141 16.132151 -343.569641
8.50 Object 1 500.000000 0.000000 -500.000000 0.000000 -500.000000 -50.000000 500.000000 -50.000000
8.75 Object 0 16.407057 -365.328186 16.578192 -364.342957 15.592943 -364.171814 15.421809 -365.157043
8.75 Object 1 500.000000 0.000000 -500.000000 0.000000 -500.000000 -50.000000 500.000000 -50.000000
9.00 Object 0 15.621595 -387.847321 16.597336 -387.628418 16.378405 -386.652679 15.402664 -386.871582
9.00 Object 1 500.000000 0.000000 -500.000000 0.000000 -500.000000 -50.000000 500.000000 -50.000000
9.25 Object 0 15.307657 -410.231262 15.856260 -411.067352 16.692343 -410.518738 16.143740 -409.682648
9.25 Object 1 500.000000 0.000000 -500.000000 0.000000 -500.000000 -50.000000 500.000000 -50.000000
9.50 Object 0 15.913566 -433.423187 15.298196 -434.211426 16.086435 -434.826813 16.701803 -434.038574
9.50 Object 1 500.000000 0.000000 -500.000000 0.000000 -500.000000 -50.000000 500.000000 -50.000000
9.75 Object 0 16.646494 -458.213562 15.713564 -457.853516 15.353506 -458.786438 16.286436 -459.146484
9.75 Object 1 500.000000 0.000000 -500.000000 0.000000 -500.000000 -50.000000 500.000000 -50.000000
10.00 Object 0 16.444000 -484.050323 16.550329 -483.056000 15.555999 -482.949677 15.449670 -483.944000
10.00 Object 1 500.000000 0.000000 -500.000000 0.000000 -500.000000 -50.000000 500.000000 -50.000000
10.25 Object 0 15.564868 -509.682373 16.557369 -509.560120 16.435131 -508.567627 15.442631 -508.689880
10.25 Object 1 500.000000 0.000000 -500.000000 0.000000 -500.000000 -50.000000 500.000000 -50.000000
10.50 Object 0 15.368450 -535.056946 15.681967 -536.006531 16.631550 -535.693054 16.318033 -534.743469
10.50 Object 1 500.000000 0.000000 -500.000000 0.000000 -500.000000 -50.000000 500.000000 -50.000000
10.75 Object 0 16.210909 -561.575073 15.325080 -562.039062 15.789091 -562.924927 16.674921 -562.460938
10.75 Object 1 500.000000 0.000000 -500.000000 0.000000 -500.000000 -50.000000 500.000000 -50.000000
11.00 Object 0 16.696676 -589.871033 16.121010 -589.053345 15.303325 -589.628967 15.878990 -590.446655
11.00 Object 1 500.000000 0.000000 -500.000000 0.000000 -500.000000 -50.000000 500.000000 -50.000000
11.25 Object 0 15.947859 -618.580200 16.705181 -617.927124 16.052141 -617.169800 15.294818 -617.822876
11.25 Object 1 500.000000 0.000000 -500.000000 0.000000 -500.000000 -50.000000 500.000000 -50.000000
11.50 Object 0 15.292918 -646.619080 15.994092 -647.332092 16.707083 -646.630920 16.005909 -645.917908
11.50 Object 1 500.000000 0.000000 -500.000000 0.000000 -500.000000 -50.000000 500.000000 -50.000000
11.75 Object 0 15.982770 -675.293091 15.293103 -676.017212 16.017229 -676.706909 16.706898 -675.982788
11.75 Object 1 500.000000 0.000000 -500.000000 0.000000 -500.000000 -50.000000 500.000000 -50.000000
12.00 Object 0 16.706898 -705.982788 15.982770 -705.293091 15.293103 -706.017212 16.017229 -706.706909
12.00 Object 1 500.000000 0.000000 -500.000000 0.000000 -500.000000 -50.000000 500.000000 -50.000000
12.25 Object 0 15.994092 -737.332092 16.707083 -736.630920 16.005909 -735.917908 15.292918 -736.619080
12.25 Object 1 500.000000 0.000000 -500.000000 0.000000 -500.000000 -50.000000 500.000000 -50.000000
12.50 Object 0 15.294818 -767.822876 15.947859 -768.580200 16.705181 -767.927124 16.052141 -767.169800
12.50 Object 1 500.000000 0.000000 -500.000000 0.000000 -500.000000 -50.000000 500.000000 -50.000000
12.75 Object 0 16.121010 -799.053345 15.303325 -799.628967 15.878990 -800.446655 16.696676 -799.871033
12.75 Object 1 500.000000 0.000000 -500.000000 0.000000 -500.000000 -50.000000 500.000000 -50.000000
13.00 Object 0 16.674921 -832.460938 16.210909 -831.575073 15.325080 -832.039062 15.789091 -832.924927
13.00 Object 1 500.000000 0.000000 -500.000000 0.000000 -500.000000 -50.000000 500.000000 -50.000000
13.25 Object 0 15.681967 -866.006531 16.631550 -865.693054 16.318033 -864.743469 15.368450 -865.056946
13.25 Object 1 500.000000 0.000000 -500.000000 0.000000 -500.000000 -50.000000 500.000000 -50.000000
13.50 Object 0 15.442631 -898.689880 15.564868 -899.682373 16.557369 -899.560120 16.435131 -898.567627
13.50 Object 1 500.000000 0.000000 -500.000000 0.000000 -500.000000 -50.000000 500.000000 -50.000000
13.75 Object 0 16.550329 -933.055969 15.555999 -932.949646 15.449670 -933.944031 16.444000 -934.050354
13.75 Object 1 500.000000 0.000000 -500.000000 0.000000 -500.000000 -50.000000 500.000000 -50.000000
14.00 Object 0 16.286436 -969.146484 16.646494 -968.213562 15.713564 -967.853516 15.353506 -968.786438
14.00 Object 1 500.000000 0.000000 -500.000000 0.000000 -500.000000 -50.000000 500.000000 -50.000000
14.25 Object 0 15.298196 -1004.211426 16.086435 -1004.826782 16.701803 -1004.038574 15.913566 -1003.423218
14.25 Object 1 500.000000 0.000000 -500.000000 0.000000 -500.000000 -50.000000 500.000000 -50.000000
14.50 Object 0 16.143740 -1039.682617 15.307657 -1040.231201 15.856260 -1041.067383 16.692343 -1040.518799
14.50 Object 1 500.000000 0.000000 -500.000000 0.000000 -500.000000 -50.000000 500.000000 -50.000000
14.75 Object 0 16.597336 -1077.628418 16.378405 -1076.652710 15.402664 -1076.871582 15.621595 -1077.847290
14.75 Object 1 500.000000 0.000000 -500.000000 0.000000 -500.000000 -50.000000 500.000000 -50.000000
15.00 Object 0 15.421809 -1115.157104 16.407057 -1115.328247 16.578192 -1114.342896 15.592943 -1114.171753
15.00 Object 1 500.000000 0.000000 -500.000000 0.000000 -500.000000 -50.000000 500.000000 -50.000000
15.25 Object 0 15.867850 -1152.180298 15.305351 -1153.007202 16.132151 -1153.569702 16.694649 -1152.742798
15.25 Object 1 500.000000 0.000000 -500.000000 0.000000 -500.000000 -50.000000 500.000000 -50.000000
15.50 Object 0 16.681459 -1191.813721 16.188713 -1190.943481 15.318541 -1191.436279 15.811287 -1192.306519
15.50 Object 1 500.000000 0.000000 -500.000000 0.000000 -500.000000 -50.000000 500.000000 -50.000000
15.75 Object 0 15.512332 -1231.512085 16.512035 -1231.487671 16.487669 -1230.487915 15.487966 -1230.512329
15.75 Object 1 500.000000 0.000000 -500.000000 0.000000 -500.000000 -50.000000 500.000000 -50.000000
16.00 Object 0 15.800399 -1270.321655 15.321650 -1271.199585 16.199600 -1271.678345 16.678350 -1270.800415
16.00 Object 1 500.000000 0.000000 -500.000000 0.000000 -500.000000 -50.000000 500.000000 -50.000000
16.25 Object 0 16.681459 -1311.813721 16.188713 -1310.943481 15.318541 -1311.436279 15.811287 -1312.306519
16.25 Object 1 500.000000 0.000000 -500.000000 0.000000 -500.000000 -50.000000 500.000000 -50.000000
16.50 Object 0 15.464494 -1353.336792 16.461771 -1353.410522 16.535505 -1352.413208 15.538228 -1352.339478
16.50 Object 1 500.000000 0.000000 -500.000000 0.000000 -500.000000 -50.000000 500.000000 -50.000000
16.75 Object 0 15.936571 -1394.045776 15.295744 -1394.813477 16.063429 -1395.454224 16.704256 -1394.686523
16.75 Object 1 500.000000 0.000000 -500.000000 0.000000 -500.000000 -50.000000 500.000000 -50.000000
17.00 Object 0 16.597338 -1437.628418 16.378403 -1436.652710 15.402663 -1436.871582 15.621597 -1437.847290
17.00 Object 1 500.000000 0.000000 -500.000000 0.000000 -500.000000 -50.000000 500.000000 -50.000000
17.25 Object 0 15.328545 -1480.596680 16.221691 -1481.046509 16.671455 -1480.153320 15.778308 -1479.703491
17.25 Object 1 500.000000 0.000000 -500.000000 0.000000 -500.000000 -50.000000 500.000000 -50.000000
17.50 Object 0 16.276045 -1523.473999 15.349001 -1523.848999 15.723955 -1524.776001 16.650999 -1524.401001
17.50 Object 1 500.000000 0.000000 -500.000000 0.000000 -500.000000 -50.000000 500.000000 -50.000000
17.75 Object 0 16.286438 -1569.146484 16.646492 -1568.213501 15.713561 -1567.853516 15.353507 -1568.786499
17.75 Object 1 500.000000 0.000000 -500.000000 0.000000 -500.000000 -50.000000 500.000000 -50.000000
18.00 Object 0 15.340318 -1613.245361 15.745403 -1614.159668 16.659681 -1613.754639 16.254597 -1612.840332
18.00 Object 1 500.000000 0.000000 -500.000000 0.000000 -500.000000 -50.000000 500.000000 -50.000000
18.25 Object 0 16.655519 -1658.859863 15.734867 -1658.469482 15.344481 -1659.390137 16.265133 -1659.780518
18.25 Object 1 500.000000 0.000000 -500.000000 0.000000 -500.000000 -50.000000 500.000000 -50.000000
18.50 Object 0 15.681969 -1706.006592 16.631550 -1705.692993 16.318031 -1704.743408 15.368449 -1705.057007
18.50 Object 1 500.000000 0.000000 -500.000000 0.000000 -500.000000 -50.000000 500.000000 -50.000000
18.75 Object 0 15.845190 -1751.560059 15.310048 -1752.404785 16.154810 -1752.939941 16.689953 -1752.095215
18.75 Object 1 500.000000 0.000000 -500.000000 0.000000 -500.000000 -50.000000 500.000000 -50.000000
19.00 Object 0 16.542835 -1800.203125 16.453133 -1799.207153 15.457165 -1799.296875 15.546866 -1800.292847
19.00 Object 1 500.000000 0.000000 -500.000000 0.000000 -500.000000 -50.000000 500.000000 -50.000000
19.25 Object 0 15.294818 -1847.822876 15.947862 -1848.580200 16.705181 -1847.927124 16.052137 -1847.169800
19.25 Object 1 500.000000 0.000000 -500.000000 0.000000 -500.000000 -50.000000 500.000000 -50.000000
19.50 Object 0 16.615303 -1896.276611 15.651573 -1896.009644 15.384696 -1896.973389 16.348427 -1897.240356
19.50 Object 1 500.000000 0.000000 -500.000000 0.000000 -500.000000 -50.000000 500.000000 -50.000000
19.75 Object 0 15.661475 -1946.620850 16.620808 -1946.338501 16.338524 -1945.379150 15.379193 -1945.661499
19.75 Object 1 500.000000 0.000000 -500.000000 0.000000 -500.000000 -50.000000 500.000000 -50.000000
20.00 Object 0 15.982767 -1995.293091 15.293103 -1996.017212 16.017233 -1996.706909 16.706896 -1995.982788
20.00 Object 1 500.000000 0.000000 -500.000000 0.000000 -500.000000 -50.000000 500.000000 -50.000000
